BFS
8 4
0 0
5
3
0 3
7 0
7 3
66 0 0 0 43 0 0 0 0 0 0 0 0 0 0 0 0 0 0 0 0
0 59 0 48 0 35 0 0 33 0 0 0 0 0 0 0 0 0 0 0 0
0 0 52 0 10 0 0 0 0 27 0 0 0 0 0 0 0 0 0 0 0
0 0 0 0 0 6 0 0 -23 0 0 0 0 0 0 0 0 0 0 0 0
0 0 0 0 0 -4 8 23 0 0 0 0 0 0 0 0 0 0 0 0 0
0 0 0 0 33 0 0 -5 0 0 0 0 0 0 0 0 0 0 0 0 0
0 0 0 0 40 0 0 0 6 3 0 0 0 0 0 0 0 0 0 0 0
0 0 0 -54 0 -38 0 0 0 0 0 0 0 0 0 0 0 0 0 0 0
0 0 0 0 56 49 42 0 0 0 0 0 0 0 0 0 0 0 0 0 0
0 0 0 0 0 0 0 0 0 0 0 0 0 0 0 0 0 0 0 0 0
0 0 0 0 0 0 0 0 0 0 0 0 0 0 0 0 0 0 0 0 0
0 0 0 0 0 0 0 0 0 0 0 0 0 0 0 0 0 0 0 0 0
0 0 0 0 0 0 0 0 0 0 0 0 0 0 0 0 0 0 0 0 0
